-0.855660
0.156743
-0.043072
0.356391
0.041828
0.323138
0.192857
0.390666
0.224118
0.262450
0.074604
0.434958
-0.050346
0.131204
0.033731
0.326505
0.191758
0.403880
0.203895
0.358198
0.316163
0.806980
0.078242
0.586741
0.205536
-0.389033
-0.237267
-0.360806
-0.322578
-0.114216
-0.287244
-0.068738
-0.128275
-0.069880
-0.122950
-0.278191
-0.112542
-0.290135
-0.019595
-0.107400
-0.050220
-0.113738
-0.170954
-0.169188
-0.075541
-0.173703
-0.183643
-0.029383
-0.062142
-0.098877
-0.053597
-0.042790
0.120161
0.273907
0.029946
0.086433
0.087700
0.297200
